2.153212671402843e6
2.1568039490993344e6
2.163581409649547e6
2.1633072926520454e6
2.1701430785357337e6
2.1722006316842423e6
2.173372826911785e6
2.1795294821693692e6
2.182960885359959e6
2.1946902792050783e6
2.20456547966594e6
2.21159164296802e6
2.2145852802918674e6
2.222617438528267e6
2.2267826432426516e6
2.2346595404954115e6
2.2396770396671016e6
2.2439245809130017e6
2.24552649145527e6
2.24837976482076e6
2.255229510845813e6
2.263740612581925e6
2.2739499151932504e6
2.282200566755714e6
2.299174871372915e6
2.3122648332405295e6
2.3161038655271516e6
2.325355787684647e6
2.333965060544866e6
2.3451150882345536e6
2.354784112579618e6
2.3670703851238745e6
2.366748256140763e6
2.3781633118118104e6
2.381850469208979e6
2.3914666139891697e6
2.3962074107284225e6
2.4060493733500238e6
2.405772838571772e6
2.4069725241570994e6
2.4167457187315435e6
2.41425769621346e6
2.4290293763096235e6
2.4460118335288777e6
2.458417989179144e6
2.4674822997946385e6
2.4821113879013974e6
2.4860922451232313e6
2.5045012597659426e6
2.5207629788097595e6
2.530237035914144e6
2.544350405121738e6
2.5623473023699904e6
2.579896873947101e6
2.5922060707493187e6
2.6194289691595873e6
2.6381626359130144e6
2.6571179094852335e6
2.676711036183106e6
2.6884381761510065e6
2.703436329629475e6
2.7241259683150025e6
2.737978631348608e6
2.7644752879437283e6
2.7746970272252196e6
2.7906524378055283e6
2.812390480234235e6
2.8273628776244433e6
2.8447758641370693e6
2.862100192304224e6
2.8749941999277836e6
2.896123066154942e6
2.905826510128492e6
2.8989543027738663e6
2.9159860337588205e6
2.9290768278284487e6
2.93827056098361e6
2.9541071932728696e6
2.9751994448692203e6
2.9838305960026407e6
3.0149443140387125e6
3.020833349902814e6
3.050429246559917e6
3.0779854923658418e6
3.0986636618244755e6
3.120283784117855e6
3.1337474246364697e6
3.1529356273669237e6
3.177627929428183e6
3.216982476439822e6
3.2520658636752972e6
3.295030924849736e6
3.322271749084717e6
3.330115477927971e6
3.3641836951267403e6
3.423418368991281e6
3.4489610854255026e6
3.490237327843717e6
3.5294269109166497e6
3.5662727083175792e6
3.617719076364991e6
3.659901742892786e6
3.702239628649318e6
3.749817181256644e6
3.7872488815465737e6
3.8218473347880673e6
3.8482837882616706e6
3.884607867908677e6
3.9644758941625124e6
4.0108093627747106e6
4.050274453490192e6
4.0836946085541677e6
4.1713732868727506e6
4.252882705260157e6
4.303797828753245e6
4.353790894394695e6
4.450278310116174e6
4.487691987093975e6
4.563573943423276e6
4.62549386939594e6
4.65170867406254e6
4.757886366105637e6
4.8250771305174e6
4.915363766733474e6
5.016985884423944e6
5.1354132438933e6
5.198972156498541e6
5.274388713284098e6
5.379534311414121e6
5.431866959386875e6
5.503215596002344e6
5.519903579409827e6
5.608808632522081e6
5.652637217192909e6
5.701189092855844e6
5.789995290615752e6
5.890809365472895e6
5.947642506477855e6
6.006621245358623e6
6.093254394133113e6
6.241377967440126e6
6.2978862129132515e6
6.396133907450067e6
6.542765763347282e6
6.663328405642047e6
6.725520475512109e6
6.875110793594188e6
6.936048329156598e6
7.0982805524411425e6
7.314117194589511e6
7.433577327958753e6
7.499863469306489e6
7.577321727665206e6
7.758892424596759e6
7.906042375046081e6
7.95574464207847e6
8.007755414117911e6
8.081737482097595e6
8.166538771470164e6
8.171722606376481e6
8.270152518848228e6
8.405744884575248e6
8.468337554940218e6
8.614973494327381e6
8.741490225193245e6
8.86912049609707e6
8.950992878445787e6
9.127433746327784e6
9.239346117597291e6
9.392361080513226e6
9.52936468199807e6
9.590007622412564e6
9.664194564423494e6
9.943361952491712e6
1.0029068047157437e7
1.0037629216659864e7
1.0220684375549052e7
1.0298296990358025e7
1.041896709805639e7
1.0496209070766045e7
1.0620521897339778e7
1.0600206067754308e7
1.0603166494301507e7
1.0743698788568761e7
1.0850676544545623e7
1.0860984358137496e7
1.0945199842241174e7
1.1152410455784058e7
1.1247155624448283e7
1.1313611037126737e7
1.1385256194818512e7
1.1660042568037884e7
1.1804663564712584e7
1.193617963965856e7
1.2022417190041864e7
1.2273286661063267e7
1.258152983642428e7
1.2590681174013047e7
1.2664896394013155e7
1.277780588479473e7
1.2811723591141537e7
1.3080700203218186e7
1.3230581389551023e7
1.3482518545201458e7
1.3576183755650783e7
1.37399683405432e7
1.377765578775394e7
1.367092502300302e7
1.3970309528868275e7
1.4146739648287412e7
1.4162772108011004e7
1.4122645759034062e7
1.4484081769884191e7
1.4591485147868536e7
1.4693516066108253e7
1.4766752741280489e7
1.4821743464869326e7
1.4983782162023863e7
1.5112107760563856e7
1.5301854894603945e7
1.5382504581471764e7
1.526577297644701e7
1.5403119215619575e7
1.5530425392559314e7
1.5660472725481154e7
1.5740902761560768e7
1.5942517482334662e7
1.5867102627677316e7
1.6203085559215635e7
1.6387838008931924e7
1.6523553665669056e7
1.6563266260929445e7
1.674733380220624e7
1.6877744573141623e7
1.7197504783326287e7
1.7509706420471013e7
1.7894836905830976e7
1.8255515918691557e7
1.859339625892587e7
1.87963880758706e7
1.9307351748140406e7
1.9758535821132276e7
1.9970820187901933e7
2.0043046777112484e7
2.0432187376301475e7
2.0613041532845754e7
2.0805235235843893e7
2.070511224301236e7
2.105798896652085e7
2.1222271196007326e7
2.1349300826158013e7
2.1465628433424298e7
2.154069751327953e7
2.205199563468217e7
2.259035941989606e7
2.275417276844644e7
2.3141183924972966e7
2.3271018465581447e7
2.3452930230918247e7
2.392874363010983e7
2.3973868386998046e7
2.4572034459447328e7
2.4441004688493602e7
2.451394643186574e7
2.4528755778285857e7
2.4871754208332412e7
2.461616411093334e7
2.4912259553798757e7
2.4589729287592664e7
2.443083459304015e7
2.4921823711012613e7
2.4664829591920864e7
2.4997005965666898e7
2.4543675741897162e7
2.4671118599005643e7
2.4776202973025776e7
2.4784239918477174e7
2.509279245340425e7
2.5163701288115267e7
2.5004592920353755e7
2.5151927193167936e7
2.496945958991871e7
2.495541118646411e7
2.4741169218661852e7
2.436334596362854e7
2.41038755701306e7
2.431376313026317e7
2.4249227190155014e7
2.4637393556239363e7
2.444211144995537e7
2.4307683290027346e7
2.4493327051134642e7
2.47575423704297e7
2.4910061816100463e7
2.5150679357825868e7
2.560164654543642e7
2.584656039277611e7
2.6253209541772448e7
2.7263784015391566e7
2.750830351537049e7
2.7680953717355732e7
2.8049009078241944e7
2.8625301382623296e7
2.9168688770381372e7
2.951499805648137e7
2.972016461181546e7
3.0489403699475933e7
3.0608202044047832e7
3.14412920346518e7
3.113093052562032e7
3.127482760655851e7
3.15661739871219e7
3.1470112706726532e7
3.2456420136443105e7
3.248966147030798e7
3.2117384932232223e7
3.1973538502154514e7
3.1975463376738556e7
3.1674336243980285e7
3.1952122959743343e7
3.1556272764594994e7
3.1265111512992702e7
3.082795646391079e7
3.0745128968343094e7
3.072111623480128e7
3.149092049023893e7
3.1973992466823623e7
3.211121427702416e7
3.2635592251178402e7
3.285338777162508e7
3.330438455303775e7
3.373452630347813e7
3.372941569072277e7
3.3024826833477672e7
3.29743894855519e7
3.2991186746647198e7
3.290532732583523e7
3.283271115618632e7
3.2163167864816893e7
3.2386781849364724e7
3.238821947906767e7
3.2195777458013427e7
3.2306481248464987e7
3.2756353992284205e7
3.2806120744572163e7
3.2901297463562068e7
3.3217835567712724e7
3.2796622129377022e7
3.3149993834225163e7
3.356599371143413e7
3.3344304338819522e7
3.384488291277642e7
3.379315163769891e7
3.361753111207753e7
3.3789067465092175e7
3.310305545955091e7
3.2436239756905116e7
3.1864290787693895e7
3.1020667950102475e7
3.1313475479243483e7
3.1521610023695517e7
3.156322362461235e7
3.177597745316925e7
3.182825452491605e7
3.238541443221216e7
3.2492897257430755e7
3.311329688516851e7
3.295913840088686e7
3.3475878957113314e7
3.3440724186568253e7
3.435100038995443e7
3.419200218259716e7
3.417327276289563e7
3.440019309654504e7
3.5074210389753096e7
3.4394968542590044e7
3.422434429598165e7
3.368364890405392e7
3.3250341438873377e7
3.2281452596184246e7
3.2565010050197408e7
3.201790882890395e7
3.1791701396114796e7
3.184740668302479e7
3.1054955360253893e7
3.0824495034664217e7
3.029709580703689e7
3.1060117108049758e7
3.0477191792664077e7
3.0136271982131425e7
3.0012785584425066e7
2.966460468083176e7
2.878973123714292e7
2.8612735616188522e7
2.7579573378771998e7
2.7409648486491825e7
2.7302359241507694e7
2.7090818607045867e7
2.713603998824076e7
2.715739405904512e7
2.7449002260880183e7
2.7376246572488934e7
2.7324324130953927e7
2.707543796946416e7
2.7514308837777115e7
2.770360527776932e7
2.7518270801139448e7
2.810346249141087e7
2.838423264911791e7
2.8830469736444756e7
2.9301640509483315e7
2.9960171174157318e7
3.0333901304210484e7
3.042962964860537e7
3.0961199325081725e7
3.1537845089940883e7
3.0855701664498877e7
3.1730118042006787e7
3.1922487516385026e7
3.226402905755208e7
3.2393183137947086e7
3.2851175344642155e7
3.2791821263188865e7
3.285040363213473e7
3.1697217456066463e7
3.184598980955975e7
3.1964209767331827e7
3.2248025431377213e7
3.153343409640992e7
3.1647613414195023e7
3.0990299264708582e7
3.0520338472548217e7
3.0251233014450982e7
2.945014805798368e7
2.952534046076081e7
2.931515826729533e7
2.833599555243188e7
2.787805257552081e7
2.714671029004804e7
2.6638667313323073e7
2.664698882069477e7
2.6271721645978965e7
2.6057776643140938e7
2.612021091853794e7
2.5551445578913428e7
2.5419140445439514e7
2.521345129980045e7
2.4816194882588293e7
2.4625510858082943e7
2.4648080961541217e7
2.4361543930298835e7
2.395694320094045e7
2.4550668511051506e7
2.4504072791758638e7
2.452697247399544e7
2.439715339329866e7
2.4493231126822002e7
2.395669860204586e7
2.3698329780196697e7
2.3572856626707487e7
2.371072434961893e7
2.4184199605223663e7
2.3730911563259512e7
2.3854580067320805e7
2.3609015850568913e7
2.332325722692387e7
2.3287062894981984e7
2.3117937930288292e7
2.2956254783049457e7
2.3157169323830273e7
2.2825527236076515e7
2.311593599968912e7
2.2847410990989693e7
2.255202182607032e7
2.2382548762207355e7
2.2241170452229094e7
2.2249316598463047e7
2.218676715304076e7
2.1984833152781755e7
2.1948632260154944e7
2.1814064754339352e7
2.1640092803833127e7
2.1354707416789073e7
2.1261864798438516e7
2.1001910430097442e7
2.1058475684228662e7
2.110811985060281e7
2.097407559160518e7
2.05419823540438e7
2.0625402797145862e7
2.047716686770972e7
2.0276362432674747e7
1.9864712884214446e7
1.9667877757644147e7
1.9433422742055774e7
1.9078302594857346e7
1.8739834838383827e7
1.891149722657972e7
1.8586183035513327e7
1.7946154628425308e7
1.784444746334285e7
1.768988188853427e7
1.734284238541083e7
1.7065837995916482e7
1.7041100905933667e7
1.6848232028308116e7
1.686616746753764e7
1.7160884503896456e7
1.7161616315186463e7
1.712732560239088e7
1.725236475806321e7
1.758669088501514e7
1.783128755568388e7
1.754222987476801e7
1.7969855930885803e7
1.8238213235100824e7
1.857987467853039e7
1.9101893358333305e7
1.8941185820295658e7
1.922554295978607e7
1.903630311342519e7
1.9021793149239365e7
1.9253538563261945e7
1.906134188370891e7
1.9309885495520182e7
1.9225538562454592e7
1.8970320650898308e7
1.8851719091129396e7
1.8776465721795708e7
1.888581739560746e7
1.873910408567255e7
1.9041253506437607e7
1.8723125706718173e7
1.885676204430408e7
1.8681889054963227e7
1.905158313734632e7
1.8915499675831668e7
1.900140542441781e7
1.9223255258753188e7
1.9137884738521263e7
1.948883211482845e7
1.961494400358469e7
1.948986461686086e7
1.9855359057037037e7
1.978412775666997e7
1.991130402055914e7
2.037781645304134e7
2.057637387663317e7
2.0545174866660614e7
2.0697588271071684e7
2.092575767638664e7
2.1034316911557302e7
2.102544439063597e7
2.1055213622543775e7
2.1210982530716322e7
2.150042443507314e7
2.128493573959775e7
2.0975482272066504e7
2.1196335628711652e7
2.1015247613227367e7
2.0910928783278264e7
2.1279630311340827e7
2.1180137026448455e7
2.116057677172188e7
2.146460225143541e7
2.2129009282645162e7
2.2468419049440794e7
2.278913377315267e7
2.280675766620554e7
2.3641769795552224e7
2.325971285997556e7
2.3767863037221104e7
2.4219346679554425e7
2.4440488438382126e7
2.4698002911598787e7
2.4562598750276513e7
2.4247838232381053e7
2.405192088486697e7
2.3763286703623023e7
2.4022230961037435e7
2.3998472476676263e7
2.376498919298342e7
2.39154316276378e7
2.364557782247028e7
2.394617173889455e7
2.4743666973747905e7
2.4700896302056983e7
2.4852565941537924e7
2.516056232267722e7
2.499198234204654e7
2.4747198584216267e7
2.4536974647674844e7
2.4528896441076435e7
2.4522861840669338e7
2.3744675519822195e7
2.3527178341828283e7
2.31242141774157e7
2.303457797747148e7
2.333544181408875e7
2.2500359199329138e7
2.2412130979926076e7
2.2223358865726843e7
2.2124536969378516e7
2.2462574322440356e7
2.2442037996329207e7
2.271170218203522e7
