2.669796905500727e6
2.7416109264068357e6
2.8070354630379565e6
2.883429973510519e6
2.9708374328560075e6
3.0521885035940087e6
3.129992460256881e6
3.212388767478821e6
3.315257455581145e6
3.410401144433621e6
3.486224758481373e6
3.5671721341646616e6
3.677637756170165e6
3.828018625427399e6
3.964962718352162e6
4.0923320769352815e6
4.226437101562209e6
4.428354038210782e6
4.618700005928006e6
4.829649969581627e6
5.021361744726636e6
5.239742078593433e6
5.481750689322512e6
5.72763123066769e6
5.969424005438077e6
6.271524359683779e6
6.58694579252892e6
6.953180326524727e6
7.30839274360394e6
7.659278537551297e6
8.1454467045175135e6
8.682058001997689e6
9.206002027062513e6
9.734820651229741e6
1.0378776351749606e7
1.097703082697028e7
1.1706914786310915e7
1.2577283469527455e7
1.3391358798628736e7
1.425012124070221e7
1.5268611615532903e7
1.6375351426475482e7
1.741335968735242e7
1.8592491810595937e7
1.995564994235811e7
2.129417878130449e7
2.2859708021951236e7
2.397765973369329e7
2.5543192859331578e7
2.715448855484944e7
2.941375740944881e7
3.1179816661422957e7
3.3727571982069254e7
3.6615685501835085e7
3.981748591610965e7
4.295669861100249e7
4.6068463788178235e7
4.903014609929864e7
5.3301342549264915e7
5.7362485821058236e7
6.113635630308095e7
6.52575598687656e7
6.837630649664018e7
7.284433947389844e7
7.747306922839841e7
8.257282826290978e7
8.666128612440318e7
9.23982821114541e7
9.832290886720486e7
1.0389163485046834e8
1.1065748430985057e8
1.1665225646067177e8
1.2389046815779313e8
1.3381575849669223e8
1.4087688187208486e8
1.479373496551322e8
1.5642647502453715e8
1.6512351974705166e8
1.7163347962143442e8
1.8213354180347386e8
1.916085914661471e8
2.0128224752665812e8
2.1395327314216918e8
2.246319816857665e8
2.3659924578079084e8
2.5105018120826504e8
2.6580474405020097e8
2.7967509284984976e8
3.005141947966299e8
3.120182473535821e8
3.2606792197865313e8
3.411151477288574e8
3.5291624929322886e8
3.650183067379421e8
3.7424324853318924e8
3.8507788512023735e8
3.9629673248443365e8
4.0794679601539654e8
4.1814457042584425e8
4.327468511511609e8
4.3899682095446455e8
4.392957259292645e8
4.5169193274291563e8
4.694648012786378e8
4.821478590549479e8
5.0052579362303865e8
5.070373150885313e8
5.2398076475853086e8
5.320285137374739e8
5.507003716593599e8
5.61026061488947e8
5.73197618284477e8
6.021893973243947e8
6.110166376713818e8
6.206757725067987e8
6.483287931017381e8
6.505541658417765e8
6.540744708021699e8
6.682360699809979e8
6.81620475505865e8
7.008694566813576e8
7.011867497133567e8
7.240374970639358e8
7.407717186725526e8
7.636038295768343e8
7.719396973135408e8
7.931763781582651e8
8.25176519529504e8
8.703179271961137e8
9.10547769466715e8
9.381556016332821e8
9.709054940518218e8
9.828797549744339e8
1.000435924137943e9
1.0009361067912364e9
9.906372699622592e8
1.0188049930387481e9
9.804057189902564e8
9.706629291621842e8
9.561092835127623e8
9.439405399067692e8
9.05549944685143e8
8.768546731740477e8
8.363764212751831e8
8.324383842202616e8
8.298821249061961e8
8.077349987580158e8
8.176769802521844e8
8.169542903364815e8
8.353395045120966e8
8.300832255856973e8
8.422366854529774e8
8.462068617588158e8
8.509709437200963e8
8.587393647080045e8
8.373959878295028e8
8.465548020639974e8
8.462159525175782e8
8.69956434212878e8
8.928873234178445e8
8.900316947752535e8
9.332211742510161e8
9.378290485222068e8
9.41991977875684e8
9.223816909912112e8
9.517363041956812e8
9.704137426591334e8
9.408324249010372e8
9.493428788065993e8
9.63873551284631e8
9.739200673125739e8
1.0061289135974456e9
1.0284927281374172e9
1.0727945555770508e9
1.0758412474155254e9
1.1032850641429238e9
1.0987867974932454e9
1.0925828363815491e9
1.0495887080677255e9
1.0565290315956241e9
1.022390101578391e9
9.742591718517985e8
9.346598685609525e8
8.864145208699286e8
8.506896761585399e8
8.352637974810643e8
8.118051735859898e8
7.856305018680903e8
7.649314118587549e8
7.735685569070084e8
7.64071324838103e8
7.775871215413996e8
7.672369297141446e8
7.593463696117662e8
7.626356556036855e8
7.699704859945076e8
7.638429227080126e8
7.619363526378244e8
7.672770045964307e8
7.60759693631574e8
7.539444342721658e8
7.494275655406346e8
7.587246005854026e8
7.577848659833624e8
7.599627443354335e8
7.648592870652728e8
7.642119021620747e8
7.634446029676516e8
7.585044795997206e8
7.618868832721995e8
7.483210615062344e8
7.532755249573699e8
7.582337538783797e8
7.787920845455334e8
7.951128820045067e8
8.0152074162805e8
7.96828475501253e8
7.966673732225357e8
8.243319114682032e8
8.412826433509324e8
8.165084622788408e8
8.283241776166333e8
8.290243139208925e8
8.205884468783251e8
8.226101002238835e8
8.275489233771704e8
8.266596085123479e8
8.295700909780167e8
8.328967320891398e8
8.4353778240357e8
8.218056194020777e8
8.120016641880959e8
8.180677268412809e8
8.123929678074056e8
7.919871319665575e8
7.658927196260438e8
7.737280485840669e8
7.605125110938518e8
7.635391175119224e8
7.474542494382547e8
7.398460601475608e8
7.28965543585039e8
7.44131074666104e8
7.35972073649233e8
7.235086498830264e8
7.201012397942047e8
7.314340288786749e8
7.164976271038558e8
7.199338350500398e8
7.295613784620999e8
7.195832140760394e8
7.204160204310924e8
7.271579847594637e8
7.150812089521261e8
7.260051505290849e8
7.235864517680825e8
7.005173346524827e8
7.060210819280905e8
6.908646008393526e8
6.778478858976387e8
6.748188428478193e8
6.6454760320487e8
6.515658778709838e8
6.427903407282822e8
6.416368720103245e8
6.458327073732189e8
6.599317799632735e8
6.721549414762781e8
6.678977985448837e8
6.875137903027664e8
6.799897455861967e8
6.937656693216281e8
6.758747028614876e8
6.695924073470064e8
6.680691268656775e8
6.712361256879157e8
6.77340509147734e8
6.89615502554791e8
7.199006655841482e8
7.391601593155247e8
7.621968656006199e8
8.017936390842122e8
8.437358717689382e8
8.431651169763694e8
8.37166860295948e8
8.233117061594895e8
8.25535171957074e8
8.287756245163628e8
7.760808797811717e8
7.685601173882306e8
7.477981482580645e8
7.519814834374347e8
7.332213968079069e8
7.269842690526885e8
7.097419455690761e8
6.902480299188918e8
6.828838543419106e8
6.851799955707324e8
6.920714572392873e8
6.614647796520715e8
6.827697941485226e8
6.794727521351357e8
6.686951056438994e8
6.720186863373042e8
6.739383239089563e8
6.592048435217042e8
6.863563991612741e8
6.594442776610584e8
6.759490511992865e8
6.848257717461638e8
6.834349068887134e8
6.746595597961429e8
6.709758292482696e8
6.677398298332248e8
6.5725047060158e8
6.640293472667048e8
6.524845436599522e8
6.521198882290089e8
6.379303713211858e8
6.213084534410886e8
6.121317523847389e8
6.079378006229081e8
6.086741515362415e8
5.97911428149235e8
6.148013144366953e8
6.115989546419117e8
6.115454742205981e8
6.085405302207645e8
6.104349843822215e8
6.01769921924823e8
6.04267832390324e8
5.886533095376554e8
6.029505977880881e8
5.954556722140963e8
5.904627947817627e8
5.582060657683495e8
5.632486025780953e8
5.476182998446045e8
5.607623359263507e8
5.673645389473794e8
5.865635042778838e8
5.928973511944237e8
5.977421759833628e8
6.078191730034759e8
6.122727524548852e8
6.078139570980695e8
6.220918394739126e8
6.240262341402559e8
6.1136950387365e8
6.135537036091001e8
5.955454594847697e8
5.867980494678261e8
5.976804281013722e8
5.8852665829407e8
5.820181239543256e8
5.862992478061625e8
5.709689425134336e8
5.393473672509702e8
5.433909247001102e8
5.459162754180359e8
5.323625357976892e8
5.2078872625727063e8
5.186821665207949e8
4.882818214090149e8
4.734107200917793e8
4.630524517444909e8
4.537482575406788e8
4.6357866770040447e8
4.6581967430597144e8
4.7345965564980674e8
4.75684194959005e8
4.792809508606633e8
4.8200034206518507e8
4.959687580099334e8
4.9292697205394125e8
5.063781063988862e8
5.125951457466635e8
5.2071232297728336e8
5.1326328968983364e8
5.235007858739365e8
5.2113738058817077e8
5.360784314924315e8
5.367824264420367e8
5.621027452646359e8
5.744626907333854e8
5.585017989737258e8
6.027686768105268e8
6.010233762511885e8
6.188852400665563e8
6.432855949492666e8
6.583875085870416e8
6.716984010936046e8
6.784797979018476e8
7.00704529208534e8
7.071998066886716e8
6.993620155317389e8
6.940580736292548e8
6.895197509842194e8
6.644741285800936e8
6.461301731903356e8
6.525411365758799e8
6.546346096618149e8
6.541535637954501e8
6.32490442244626e8
6.321369888241881e8
