0.0005193326494560968
0.0005189228014501434
0.0005181983099172273
0.0005179772141148116
0.0005170074584084571
0.0005167225564078268
0.0005160817847282318
0.0005154126844516556
0.0005147768745117087
0.0005135536442804273
0.0005127248294299029
0.0005117553268342175
0.0005111591235131461
0.0005100550667717713
0.0005093097284557254
0.0005085275508305028
0.0005076590916349026
0.0005069106960025469
0.0005063003566759736
0.0005057182997443992
0.0005044078583238388
0.0005032832471417666
0.0005024060411697076
0.0005015542251678095
0.000500010244861104
0.0004986358039953132
0.0004980533523616486
0.0004971465540229144
0.0004962278355677999
0.0004950721881179538
0.0004941483846702852
0.0004931081526824766
0.0004925783050577328
0.0004916048715187796
0.0004908598401692614
0.000490016819748552
0.000489140329024054
0.00048810353648274444
0.00048762943346142366
0.0004867456006865139
0.0004857795301178425
0.0004854508620461815
0.0004838452805831479
0.0004823513018610712
0.00048135284715601417
0.00048014340560414916
0.00047888861560242604
0.0004780748076382998
0.00047683864830770715
0.0004754399082952004
0.00047459831947178405
0.0004733482058000168
0.0004718048899567557
0.0004702385051616738
0.0004689986096096379
0.000467121500316426
0.0004652731934602596
0.0004639175670326243
0.00046265976109109366
0.0004613704916061761
0.0004602078787371761
0.0004586092676750745
0.0004572806902620816
0.0004556921708674441
0.00045476337769669825
0.000453096020921169
0.0004513722371727266
0.0004502050535060458
0.0004490387519196344
0.000447577884311061
0.00044635420931816424
0.0004447125049188801
0.0004436625946730452
0.00044358043714354966
0.00044240631302448346
0.00044125199108168946
0.00044011057814709765
0.0004389511872347938
0.0004374782240524839
0.0004364982870615805
0.00043443435658273614
0.0004334693344967741
0.00043175296158523026
0.0004299652952078217
0.00042851134798700723
0.0004272098669826538
0.0004258536499338291
0.0004244918822319079
0.0004227072056793781
0.00042054286726631707
0.00041846839842016147
0.00041590022644672007
0.00041426603537508735
0.00041319736431559876
0.0004111786027263186
0.00040817576661394213
0.0004068569375519284
0.000404445099978749
0.0004026345706191956
0.00040062781901315436
0.0003981054142818247
0.0003959562372088712
0.00039395057208885747
0.00039184894720186694
0.00038994213052772
0.00038821147617807165
0.0003868310429594209
0.0003850711777903858
0.00038173644676732743
0.00037977358889355634
0.00037817105047621447
0.0003764064183526671
0.0003733869048551278
0.0003702010014757617
0.00036801055748000627
0.00036593220789460335
0.0003626063323896522
0.00036093335617841073
0.00035777801626953395
0.0003555721988166788
0.0003542999303245779
0.0003509235876862973
0.000348987190503837
0.00034629947805628434
0.0003431709557390423
0.000339919032684192
0.0003378162034051237
0.00033572434410572593
0.00033310949734050076
0.0003314461978004113
0.00032924066022952856
0.00032837603171867127
0.00032592284129133784
0.0003241900941035793
0.00032237664351632945
0.00032018601301649074
0.00031763835838346144
0.0003159118639750214
0.0003139239162300884
0.00031189435457230766
0.00030875646605348577
0.0003069410698667385
0.0003048281380475041
0.00030135100518760864
0.00029887194330832265
0.0002971184010463399
0.0002945342322483387
0.0002931966202868782
0.0002899442593826655
0.00028612422346287544
0.00028399609985257343
0.0002820379642890603
0.00027994956793027956
0.000277157970931522
0.00027448340824648177
0.000273199618767078
0.0002718340851278553
0.0002700478235119861
0.0002682122064293329
0.00026688886961939636
0.00026491731668716384
0.00026287928068303247
0.00026162284184261497
0.00025958424503495027
0.0002577804456861753
0.00025562822778160145
0.0002545427007182609
0.00025210382422034665
0.0002506571724049663
0.0002488041158792197
0.0002471220428712646
0.0002458112101449428
0.00024451087660501506
0.00024177678102302582
0.00024060100297950063
0.00023974034641039102
0.00023805709442789455
0.0002367874512432676
0.000235198457986323
0.0002336391763946296
0.00023223238838715801
0.00023170081449377033
0.00023143106506252927
0.00023004591793831212
0.0002287295264173761
0.00022772154739197388
0.00022682321780277115
0.0002248479885177301
0.00022365195514716563
0.00022283709219516373
0.0002219921074230295
0.00021985949971434327
0.00021827019715765848
0.00021677600573628174
0.0002156903265815798
0.00021389697543082141
0.0002118862135219714
0.0002110830053681288
0.00021004045510353267
0.00020904160174228096
0.00020841420382545649
0.00020659738379465474
0.0002053727530793908
0.00020332890907425865
0.0002024806916983776
0.00020110322925197434
0.00020072925032481363
0.00020073931847588636
0.0001991677768245915
0.0001978916397669925
0.0001971143225795128
0.00019678618729584933
0.00019481519635104232
0.00019407964713886013
0.00019337291434248855
0.00019266736675876915
0.00019191324543038014
0.00019076718510920043
0.0001900319655229471
0.00018892082256191927
0.00018833182199600585
0.00018848599708049888
0.0001874038864224259
0.00018649943249413436
0.00018585142482830725
0.00018514291692774934
0.00018383687600272445
0.00018360158702183168
0.00018219260110326484
0.00018124362310701148
0.00018022176107377374
0.00017955067981684008
0.00017856075784192474
0.00017790177909771563
0.0001765293853193381
0.0001752774026010444
0.00017375005101686198
0.00017220810252142058
0.00017076915326418726
0.00016989251013385824
0.00016818683108281335
0.00016664002047498408
0.00016591924792784416
0.00016533431126310375
0.0001638932258457243
0.00016296267608381204
0.00016213748981394726
0.0001622691190659017
0.00016122882958571135
0.00016061867426500262
0.0001598481081629518
0.000159429635200377
0.00015905025225073272
0.00015755404320372525
0.00015616442890308533
0.0001555328532257952
0.00015421356621682491
0.00015366990255716458
0.00015314340573249405
0.00015173835814067852
0.00015157908384632758
0.00014995692669209188
0.00014996817856945176
0.00014962671635593676
0.00014940356961073802
0.0001485852283282394
0.00014870994096231484
0.00014779502198231044
0.0001481121605173472
0.00014843256707647718
0.00014699421448236978
0.00014743722330853021
0.00014658447061810824
0.00014721668045331108
0.00014676388448775087
0.00014642340839037324
0.00014614150421563536
0.00014534065418150867
0.0001450709145365182
0.00014524434806921605
0.00014489341853674554
0.0001449771522600445
0.00014493709544202935
0.0001452191587487793
0.00014555712015695921
0.00014594025788550863
0.00014538194972688138
0.00014537327282584432
0.00014453726649929537
0.00014464579105028452
0.0001445655954778002
0.00014399135027402777
0.00014313038647174878
0.00014248979158449214
0.0001416854675043418
0.00014077912908367257
0.0001401248480392867
0.00013932841205992788
0.00013751683628027156
0.0001367662465804047
0.0001362757651381013
0.0001355403033229118
0.0001341469141521076
0.00013310421211553837
0.00013251355189628639
0.00013166244689434285
0.00013027362047073204
0.00012990029235442928
0.00012840336425601483
0.00012828015667121697
0.0001279454630939687
0.00012748188956985656
0.00012740464288188218
0.00012575812546140582
0.0001256464871990652
0.00012578395217451716
0.00012583310467166324
0.0001255512655525279
0.00012587763801548277
0.00012537147383112106
0.00012589352787770793
0.00012585720609653797
0.00012609049579525517
0.0001260593908552483
0.0001259476251878339
0.00012484104206895134
0.00012399424277470108
0.00012345805829090323
0.00012257782982251405
0.00012194642155758635
0.00012132154995258827
0.0001205883574402171
0.00012052249382245836
0.00012100997645597733
0.00012070564490027636
0.00012053815800948607
0.00012049542111590737
0.00012043623281385614
0.0001211915848646165
0.00012053836979100564
0.00012053658630195143
0.0001203995463186806
0.00011988320481732836
0.00011933185135626161
0.00011919584693642266
0.00011892939339462409
0.00011832331264807843
0.00011852223820240528
0.00011794681143684907
0.00011738130524780653
0.00011725741959519383
0.00011659984241586127
0.00011650570959845687
0.00011670823554995805
0.00011635639091571322
0.0001170769843803188
0.00011779550643987239
0.00011833823258099562
0.0001192416737987864
0.00011870917619894742
0.00011812741014281873
0.00011799525910425044
0.0001177313261826835
0.00011750652475430889
0.00011658886529812362
0.00011638007260645794
0.00011540922735664957
0.00011526757555988685
0.00011459120956798265
0.0001143900205412631
0.00011321052949136806
0.00011322502339324383
0.00011324570477676648
0.00011291578026758393
0.00011210783740424096
0.00011267969457353864
0.00011254207340855974
0.00011297720689016953
0.00011338339025080266
0.00011433966276808631
0.00011383990582380742
0.00011431629471741987
0.00011450221976786026
0.00011443542101132896
0.00011522979597440388
0.00011534448469605856
0.00011600992783789028
0.00011496621646640925
0.00011560803069419978
0.0001157809823100668
0.00011585205550268509
0.00011595085079008357
0.00011666529792654053
0.0001167246750481256
0.00011807271920472807
0.00011822420892589213
0.00011819418848171692
0.00011850103383670535
0.00011843517112015625
0.0001183114002429889
0.00011761289632999896
0.00011762393738398182
0.00011769839433580381
0.00011787069018623948
0.00011705378590216736
0.00011678657007940994
0.00011676680112377482
0.0001156698873994333
0.00011528722977968638
0.00011459623828366248
0.0001137930465356452
0.00011286077339009625
0.00011239535472358626
0.00011218533900672244
0.00011144794502455569
0.00011058188596596204
0.00011102108618795369
0.00010999173475795601
0.00010958663107695269
0.00010919857002378624
0.00010886981178764129
0.00010817831064648524
0.00010824353986066301
0.00010817915773807236
0.00010928943691811168
0.00010902588000285403
0.00010861137537940418
0.00010829180556280606
0.00010910371723844328
0.00010887840805389633
0.00010964281079297736
0.00011010746828765587
0.00011033730283480462
0.00011123208539534335
0.00011104077014501663
0.00011130551641054332
0.000112573096300711
0.00011318615121189554
0.00011409385076729207
0.00011461335380616874
0.00011439948056194436
0.00011483988598754309
0.0001150511469554986
0.00011454919962923987
0.00011528913972996879
0.00011538468023795397
0.00011559298782904575
0.00011599562621324752
0.00011618824386980133
0.0001159402288907901
0.00011639301581853917
0.00011682924817851767
0.00011566537168170483
0.00011541534578182431
0.00011505440114221493
0.00011525811127827417
0.00011510720905483991
0.00011563074952834799
0.00011593882067728846
0.00011603312587633864
0.00011569676081052959
0.00011482623075792343
0.00011555272945201293
0.00011524146099260417
0.00011563963693179387
0.00011610999687463718
0.00011617012107869618
0.00011645272341680487
0.0001167254800378328
0.00011627436403782458
0.00011649416408282529
0.00011600426254809796
0.00011622883472884045
0.00011661919915746765
0.0001167973805626312
0.0001169284507024775
0.00011679807707101698
0.00011690773403013921
0.0001171477845881773
0.00011709505982368576
0.0001173353466861179
0.0001176489405302631
0.00011793365863495709
0.00011810506679050853
0.00011847081105745305
0.00011824495975420309
0.00011815218691707336
0.00011840335416415922
0.00011910687027091205
0.00011870382208471097
0.0001189895693171667
0.00011938107919418039
0.00012020007858545976
0.00012059973373016513
0.00012083466796738876
0.00012157979539796376
0.00012192873653042407
0.00012155869303925422
0.00012200935749789446
0.00012318436845336692
0.00012341796128134146
0.00012364608375277003
0.0001244653842408681
0.00012500305511080174
0.00012479826439269626
0.0001251391119704021
0.00012509473870096495
0.00012397456297405323
0.0001239728007609685
0.0001240554811493076
0.00012362140560409542
0.000122833033617915
0.00012226880096397578
0.00012253627186450155
0.00012142347148198749
0.00012082498425581987
0.00011955079647115667
0.00011831993064285137
0.0001183884707087156
0.00011780189070093192
0.00011792506307593912
0.0001179550401577656
0.00011747987289281608
0.00011787340542586526
0.00011736549141582796
0.00011740391725808763
0.00011779421579387523
0.0001180407252677276
0.0001179286596404052
0.00011756563292126931
0.00011787165295401976
0.00011724485754728845
0.00011776949484803697
0.00011735495683780796
0.00011758358170308242
0.00011681804248690803
0.00011696135402594964
0.00011664855435950295
0.0001157889300543744
0.00011582361369319906
0.00011512416259439299
0.0001148769063488357
0.00011512212960556718
0.00011441136682367273
0.00011454851227160064
0.00011430411210628745
0.00011315536974744521
0.00011279021796956797
0.00011284728186934362
0.00011256960330393231
0.00011215896324308129
0.00011196567753771872
0.00011184747557645734
0.00011152599991155709
0.00011125232119068364
0.00011075083228763137
0.00011098895588727744
0.00011139674944098975
0.0001108732901867532
0.00011105491393475178
0.00011123928175242015
0.00011032134403396381
0.00011022031770940116
0.00011011696570105679
0.00010959459121156673
0.0001084865951678667
0.00010780262999388416
0.00010729453172106359
0.00010713229890464252
0.00010585586993958315
0.00010629826473765502
0.00010540183855443607
0.00010460985614283027
0.00010429339038987986
0.00010392965053570929
0.00010412027541544243
0.0001044356585052619
0.00010471845576834561
0.00010500627738353879
0.00010462761339263214
0.00010466212911244279
0.00010486897664703988
0.000104648617644165
0.00010504521153582592
0.00010460381872736764
0.00010333438610494169
0.0001032602374345523
0.00010291591964384205
0.00010236062480562347
0.00010245598181920757
0.00010252217587504301
0.00010281413464800672
0.00010282542014907522
0.00010269764996473261
0.00010366947651156614
0.00010398795487955573
0.00010458851359059157
0.00010472400240086185
0.00010427198534800389
0.00010554633760512793
0.00010554355397070565
0.00010584155170689712
0.00010585681247122066
0.00010532311623876408
0.00010535523290657254
0.00010465374880770499
