0.00045967826766255796
0.0004555502943730449
0.00045124457599156657
0.00044739094712422777
0.00044270049962066393
0.0004385782968327484
0.0004338743783153405
0.00042939612429318454
0.0004258928773796626
0.0004210721748572472
0.0004170150009476051
0.00041238175468619496
0.00040796229014479924
0.00040323151673032226
0.00039907341065971094
0.0003950195530646054
0.00039060689325996317
0.0003861686660963158
0.000381412251893999
0.0003769341063246852
0.0003720669568091281
0.000367235388603134
0.00036140781363034285
0.0003559968306299655
0.0003508591477823724
0.00034554293604938303
0.00033953134150628263
0.00033409596321276066
0.00032820591598373383
0.00032169357479516585
0.0003150166746947447
0.00030958574293532114
0.00030333479378755873
0.0002967685496266648
0.0002897799356600259
0.0002845033897626289
0.0002777584311028157
0.0002720556898075271
0.00026641149533869924
0.0002608546157415809
0.00025452344021143365
0.0002482923494326342
0.0002422454598245586
0.00023688330959149764
0.00022999685022346883
0.0002244265243974571
0.0002183867330232349
0.00021372261764736767
0.00020792736988018082
0.0002031816340727731
0.00019785735574999062
0.00019332843704364836
0.00018834260680082452
0.0001830247875329862
0.00017752878802477143
0.00017305258084350378
0.0001688608560173961
0.00016478491248818548
0.000161153492873388
0.00015790409525993996
0.00015506999610237913
0.0001518210871533271
0.0001497003506520572
0.000147369526243276
0.00014461663977351354
0.00014147831664657303
0.00013931252387784038
0.00013691282004604308
0.00013379354552713068
0.00013114662943815826
0.0001284744419833971
0.00012636339683384177
0.0001233296686626624
0.00011940523501366742
0.0001171666318153918
0.00011457599760837502
0.00011241810931250633
0.00011099076376632363
0.00010902345826317162
0.00010727188805126197
0.00010562827704581313
0.00010397284066440744
0.00010226589689727968
0.00010024181177016979
9.795631899075778e-5
9.543722928279096e-5
9.276846153251781e-5
9.065425155252804e-5
8.758577103126218e-5
8.602920332981953e-5
8.378970230476941e-5
8.191814832240706e-5
8.064332911574534e-5
7.910103651167048e-5
7.769618411157657e-5
7.639290238804976e-5
7.547648171616021e-5
7.420044024822184e-5
7.378708740351653e-5
7.233289773169295e-5
7.212185115035073e-5
7.233809071613214e-5
7.209488456312727e-5
7.126518199784465e-5
7.032072528416055e-5
6.98544544601067e-5
6.96837412536321e-5
6.941317445740669e-5
6.926098036584731e-5
6.917665624078013e-5
6.940065323143659e-5
6.959159436912272e-5
6.898901302792595e-5
6.882507423505291e-5
6.853107094953772e-5
6.779430738043601e-5
6.78923433314254e-5
6.790728923043807e-5
6.70677201266218e-5
6.663639355243683e-5
6.602534248430808e-5
6.559430455516593e-5
6.448347157676551e-5
6.35479807536006e-5
6.285249305251563e-5
6.228291680974666e-5
6.176650184852087e-5
6.058831067214142e-5
5.943765959191773e-5
5.8370597449292105e-5
5.864509843344163e-5
5.8080664934995756e-5
5.768485357345802e-5
5.7472926392840675e-5
5.780621702558524e-5
5.8056208370657e-5
5.808135817757147e-5
5.9085560968572525e-5
5.960864097911973e-5
5.956816344745874e-5
5.999797863611442e-5
6.102460414201152e-5
6.154813515998793e-5
6.276224708095671e-5
6.224435953434782e-5
6.206948461969494e-5
6.273766668845757e-5
6.275435064435195e-5
6.216988875582567e-5
6.161145439096194e-5
6.159113367959166e-5
6.129732354166543e-5
6.122504357777265e-5
6.103388254932602e-5
6.0268190762332464e-5
6.0828237858553526e-5
6.0729968769591505e-5
6.0470000593240404e-5
6.006344231473455e-5
5.99012211552546e-5
5.9850542279668474e-5
5.9093844049423126e-5
5.914507669100384e-5
5.9053376176449235e-5
5.928592613419902e-5
5.9139554218345795e-5
5.8611394212527874e-5
5.886855846247134e-5
5.871416077927568e-5
5.8636483267333166e-5
5.813849762687144e-5
5.748916487763703e-5
5.736562573045782e-5
5.642490304346156e-5
5.614047668416848e-5
5.6031193558354965e-5
5.570566871277534e-5
5.563127253494529e-5
5.6417150663623144e-5
5.61815352646886e-5
5.6806275794507537e-5
5.73969309965808e-5
5.8189276101488076e-5
5.968865323373007e-5
6.025872356520238e-5
6.037566598892865e-5
6.092926435363494e-5
6.151594644878195e-5
6.214508132008568e-5
6.184115968647289e-5
6.193748692104054e-5
6.17243421590549e-5
6.243779485885511e-5
6.26609140208158e-5
6.272980185484721e-5
6.265911182044231e-5
6.306640563677906e-5
6.303706493818258e-5
6.326368850762341e-5
6.349251855303852e-5
6.375513186976356e-5
6.385117471326784e-5
6.395358547510803e-5
6.390827728212444e-5
6.390495073310528e-5
6.385396738024027e-5
6.388810619584889e-5
6.35162121376734e-5
6.313585588112723e-5
6.287859219856315e-5
6.277799612056896e-5
6.21763282850036e-5
6.214907846222987e-5
6.119091367897784e-5
6.077033942589641e-5
6.030262581807008e-5
6.00912097621739e-5
6.032825177529e-5
5.9452730457452736e-5
5.9206244330865966e-5
5.973905421503863e-5
5.942326622717954e-5
5.9317573866389746e-5
5.9768896330263776e-5
5.981938537216922e-5
6.00566805793194e-5
6.036443301166654e-5
6.027808880483129e-5
5.9806848226868616e-5
5.921460788376237e-5
5.946587804180379e-5
5.956708825863193e-5
5.921684277350955e-5
5.920798190478602e-5
5.9771956440626217e-5
6.0314809487703e-5
6.0016380594285345e-5
6.0384903624434586e-5
6.059912694958777e-5
6.0691733893703626e-5
6.081281122073458e-5
6.0755401075213904e-5
6.02458965560868e-5
5.998913623481014e-5
6.012098163856907e-5
6.019154111099347e-5
5.9806591131717695e-5
6.0132295990979203e-5
6.016355253282537e-5
6.026066195376905e-5
6.0742827822935013e-5
6.083888378805798e-5
6.0895405692175314e-5
6.138740398412655e-5
6.124177514731932e-5
6.155073904553199e-5
6.22613183891887e-5
6.213104656137261e-5
6.269029548505576e-5
6.289266929501898e-5
6.308104377268307e-5
6.354851310990969e-5
6.4277962301894e-5
6.501470215021224e-5
6.513384059515003e-5
6.520998835091492e-5
6.49062397294521e-5
6.453157836245103e-5
6.4893888631572e-5
6.428345310520763e-5
6.424002830005354e-5
6.36176557886082e-5
6.406713431261479e-5
6.419219887151212e-5
6.385969406757009e-5
6.375822088749782e-5
6.358285747938845e-5
6.33830504406668e-5
6.266613904682543e-5
6.211492128342609e-5
6.122283561184048e-5
6.022623187353336e-5
5.9246844012691525e-5
5.9127358333710996e-5
5.910197744821362e-5
5.915846996060535e-5
5.860881789699911e-5
5.8017290983750526e-5
5.9131695365173415e-5
5.9229032923031975e-5
5.9380847627389295e-5
5.947198343740638e-5
6.017375668789832e-5
6.023977956159356e-5
6.072028223282972e-5
6.12043227798476e-5
6.129824920650742e-5
6.120946406527738e-5
6.1230639853806e-5
6.167959954906396e-5
6.073949863970254e-5
6.103655290340404e-5
6.116744726076696e-5
6.116283177563629e-5
6.12539481507418e-5
6.136034458753708e-5
6.049025850783728e-5
6.116771180117676e-5
6.033815681253832e-5
5.997061007501849e-5
5.985782474894741e-5
6.014388411541934e-5
5.98844673224507e-5
5.9831986720793895e-5
5.9910649561780795e-5
5.9389243439970836e-5
5.962537502950725e-5
5.9580756673721e-5
5.9927544028392855e-5
6.042770451191493e-5
6.0866887951991045e-5
6.036108447975985e-5
6.031555554114556e-5
6.0512530042489886e-5
5.978976872737778e-5
6.002661811919381e-5
6.00259229233968e-5
6.007041106842719e-5
5.9707977495103547e-5
5.994412826578343e-5
5.924914842872746e-5
5.9681785444731526e-5
5.899947438178593e-5
5.915318261309168e-5
5.9482743825076156e-5
6.060272918151384e-5
6.039169365371067e-5
6.080757371425317e-5
6.046976218018779e-5
6.0517968501088765e-5
5.9887441202169753e-5
5.9782039377638484e-5
5.944206286419591e-5
5.927155239640817e-5
5.929998625172789e-5
5.949851519779873e-5
5.953954244434542e-5
5.9659525117179875e-5
6.004917875956746e-5
6.0274368847783485e-5
6.088293598208956e-5
6.167389007934542e-5
6.143663488482273e-5
6.169785341478908e-5
6.205921445771199e-5
6.191246847610334e-5
6.239987048222392e-5
6.349919232612956e-5
6.340877296784591e-5
6.322325909358215e-5
6.347284510797418e-5
6.379895983664066e-5
6.373104687228636e-5
6.43831355365225e-5
6.46306315041821e-5
6.498128891838059e-5
6.511239365802703e-5
6.451231450453814e-5
6.444891686390381e-5
6.424380480855146e-5
6.409028682507322e-5
6.401586785862568e-5
6.40096820130113e-5
6.370907376122084e-5
6.380031780018548e-5
6.31503860823304e-5
6.281641080772234e-5
6.257061085930256e-5
6.251246574845559e-5
6.208662843951224e-5
6.212513235832874e-5
6.154413363135963e-5
6.143275644083398e-5
6.042744431236506e-5
5.984167436397374e-5
6.0120913766111795e-5
5.859159029941002e-5
5.865852783371977e-5
5.8113962775026096e-5
5.7354158232365755e-5
5.681985784243793e-5
5.646675855197465e-5
5.6265961727734706e-5
5.550581282572912e-5
5.528936670529451e-5
5.555064707228937e-5
5.569430366223556e-5
5.587290388458208e-5
5.6405858010413735e-5
5.689583272916062e-5
5.6775346462598456e-5
5.6654263875437366e-5
5.6677259289321994e-5
5.681266711230758e-5
5.6823253894603395e-5
